0
1
2
3
4
5
6
7
8
9
10
11
12
13
14
15
16
17
4
18
19
20
21
22
23
24
25
26
27
28
29
30
31
32
19
33
34
35
36
18
37
38
14
25
20
32
12
21
39
0
40
41
4
4
42
6
5
43
29
7
44
4
22
18
18
2
30
15
45
46
36
18
39
47
48
16
10
49
50
8
18
51
52
9
53
4
43
2
6
50
5
22
54
29
16
55
9
50
3
15
24
20
21
49
18
30
56
23
57
15
37
35
58
14
7
27
39
12
10
20
14
15
40
31
48
21
22
18
45
17
26
39
18
59
12
46
16
28
36
18
60
18
38
2
15
50
19
35
33
61
62
52
30
54
39
5
37
7
18
6
40
18
22
4
42
28
50
19
33
54
37
18
2
53
49
47
1
10
24
26
19
4
60
13
36
30
22
15
28
35
5
2
40
10
29
49
13
52
36
27
18
51
19
50
39
62
46
41
33
21
18
17
10
49
50
19
35
20
57
43
2
5
14
50
17
6
31
49
15
52
60
27
35
7
52
47
18
18
33
19
58
11
29
34
52
46
55
1
3
7
37
38
49
54
18
10
35
27
44
39
19
30
20
22
4
6
27
31
36
56
14
15
2
35
13
18
12
11
62
55
28
18
50
5
25
19
10
32
12
18
18
32
25
55
39
25
35
8
22
41
0
13
53
20
32
4
10
50
9
16
25
28
42
47
19
45
26
22
19
29
54
55
35
3
36
24
0
17
4
9
41
39
38
22
43
61
10
30
57
18
