22	
62	
5	
61	
44	
34	
30	
31	
23	
50	
58	
6	
54	
10	
22	
11	
29
54	
56	
12	
57	
49	
39	
62	
57	
14	
51	
15	
13	
7	
38	
36	
0	
37
25	
17	
2	
23	
10	
53	
51	
33	
50	
56	
11	
26	
3	
47	
20	
31	
33
60	
58	
32	
55	
38	
4	
59	
12	
41	
40	
46	
16	
43	
42	
55	
53	
23
5	
41	
9	
35	
24	
58	
45	
31	
26	
36	
16	
0	
32	
9	
10	
45	
12
40	
1	
43	
44	
37	
13	
23	
29	
11	
8	
59	
34	
25	
18	
43	
35	
60
34	
6	
17	
19	
27	
3	
7	
35	
52	
9	
1	
4	
56	
54	
6	
24	
26
35	
10	
60	
53	
4	
3	
15	
30	
26	
51	
38	
44	
21	
46	
62	
40	
38
24	
7	
11	
61	
23	
36	
8	
12	
5	
55	
54	
29	
39	
51	
5	
1	
61
28	
47	
21	
22	
29	
40	
11	
60	
27	
48	
28	
27	
9	
19	
49	
11	
44
15	
22	
23	
57	
16	
18	
62	
49	
32	
53	
13	
39	
36	
57	
2	
21	
19
9	
54	
19	
56	
55	
43	
14	
19	
50	
33	
47	
45	
34	
52	
18	
7	
26
29	
0	
28	
8	
41	
47	
30	
34	
46	
2	
20	
3	
58	
59	
10	
22	
31
46	
8	
48	
5	
0	
38	
62	
1	
35	
25	
16	
62	
50	
43	
53	
45	
28
24	
37	
42	
51	
43	
15	
20	
13	
51	
21	
59	
52	
0	
36	
15	
21	
3
41	
33	
3	
27	
20	
49	
19	
33	
28	
61	
24	
34	
46	
25	
27	
29	
5
20	
61	
31	
50	
44	
58	
4	
7	
17	
51	
18	
49	
4	
30	
24	
17	
38
56	
2	
8	
28	
48	
25	
42	
43	
34	
59	
57	
16	
27	
36	
14	
44	
47
9	
17	
29	
18	
13	
4	
52	
50	
24	
31	
49	
1	
3	
10	
6	
14	
52
60	
2	
7	
23	
37	
32	
54	
60	
37	
47	
12	
40	
26	
13	
62	
15	
55
